Robot LogTimestamp: 20230929195540

Time (s),X Position (m),Y Position (m)
0.0, 0.0
0.0, 0.0
0.0, 0.0
0.0, 0.0
0.0, 0.0
0.0, 0.0
0.0, 0.0
0.0, 0.0
0.0, 0.0
0.0, 0.0
0.0, 0.0
0.0, 0.0
0.0, 0.0
0.0, 0.0
0.0, 0.0
0.0, 0.0
0.0, 0.0
0.0, 0.0
0.0, 0.0
0.0, 0.0
0.0, 0.0
0.0, 0.0
0.004144796251048432, 4.827832528839338e-06
0.008185940612631837, 2.1302764466312116e-05
0.012434236686961898, 5.346788957232133e-05
0.016578808002991524, 9.691759632074825e-05
0.016578808002991524, 9.691759632074825e-05
0.02476390877301505, 0.00021610038628213973
0.0288043403882777, 0.00029376335638856525
0.03305166239116769, 0.0003902513567195233
0.03719510065891698, 0.0004964520724555461
0.04123463317705852, 0.0006117612629684102
0.04537738266939668, 0.0007420912840840148
0.04962329268907954, 0.0008880441367384507
0.05366157535372956, 0.0010409895352531118
0.05780293054410221, 0.0012099169097238563
0.05780293054410221, 0.0012099169097238563
0.06598066923017615, 0.001576889844900752
0.07022388250863067, 0.0017871163988576043
0.0742593863557339, 0.002001190859162409
0.07839770891725242, 0.002232806159820074
0.08253548068214431, 0.0024740614029454674
0.08656910494107187, 0.0027210320739388377
0.09080864857226785, 0.0029954841273592656
0.09494399262673947, 0.003275285524457792
0.09897514043929942, 0.0035598316329056665
0.09897514043929942, 0.0035598316329056665
0.10713801733334816, 0.004174258166730508
0.11137291925265129, 0.004512872791818958
0.11550355254260976, 0.0048552583852060575
0.11952992969283492, 0.005200810434374332
0.12365849889966457, 0.0055672467522932005
0.12788916946768997, 0.005955165139695907
0.13191215188415387, 0.006338220816278115
0.13603712731649484, 0.006743112102002366
0.14016114832742524, 0.007157611766751163
0.14016114832742524, 0.007157611766751163
0.14840522347513896, 0.008025029442065821
0.15242194455984143, 0.008468956127731733
0.15654031633872362, 0.008936260270211535
0.1606575883181077, 0.009413157238592408
0.164670556347631, 0.009889819350117738
0.16888754080038001, 0.01040566453591901
0.17300019020016008, 0.01092090640646172
0.17700854236692962, 0.011434941504187661
0.18111812128521387, 0.011974126430781062
0.18111812128521387, 0.011974126430781062
0.18933215075937143, 0.013090776896356217
0.1934365270197452, 0.013668232335288443
0.19743663627664582, 0.014242901898948971
0.20153757986818185, 0.014844251156628194
0.2057392331457515, 0.01547287176202527
0.20973381384410125, 0.016084790236097657
0.21382897589231284, 0.016724326841430104
0.2179226369739772, 0.017373401736290907
0.22191209563846245, 0.01801786953137715
0.22191209563846245, 0.01801786953137715
0.23019156065417307, 0.01939496862107101
0.23417484082789705, 0.020076583051784565
0.238258204483172, 0.02078756865603519
0.24223744742677655, 0.021492369883554668
0.24641813943325008, 0.022247928271404163
0.2504947006938891, 0.022996932649848575
0.25446720339063095, 0.02373878270135419
0.25853933336464013, 0.02451151599651369
0.262609652141692, 0.025293733564617973
0.262609652141692, 0.025293733564617973
0.2707428976778907, 0.026896077320652592
0.27480575087222475, 0.02771618901546104
0.2787646863783981, 0.0285273294672325
0.2829236390260474, 0.029394605089541535
0.2868768090309815, 0.030233393553118302
0.29092882116090285, 0.031105492727319252
0.29497879066727223, 0.031987029038624715
0.2989249902390374, 0.0328580216415442
0.30307033403805694, 0.033788171585569904
0.30307033403805694, 0.033788171585569904
0.3110492595598871, 0.035617605014243846
0.3150854167801997, 0.036560363818811684
0.3190179756123754, 0.03749100886716099
0.3231487600967588, 0.03848381986328191
0.32717595726046295, 0.0394641475000059
0.3310996734123325, 0.04043139655485065
0.3351210929154491, 0.04143516169203431
0.3391401631510761, 0.04244829234094825
0.3431556658691554, 0.04347546023559999
0.3431556658691554, 0.04347546023559999
0.3511770126668624, 0.045567191432894866
0.35508323112652274, 0.04660284413527589
0.35918593886605116, 0.047705950356115606
0.35918593886605116, 0.047705950356115606
0.36708116025066123, 0.04986825432199497
0.37107424882413875, 0.05097938118920515
0.37496433788856953, 0.05207406207664915
0.3790498723436937, 0.053239163937618884
0.38303243384136393, 0.054387451004491306
0.38303243384136393, 0.054387451004491306
0.39088867254945747, 0.05668736241894111
0.3948617391519406, 0.057868082979829635
0.3988306529277879, 0.059062678895859214
0.40279537079864725, 0.06027113720095724
0.4066575222117952, 0.06146063526167815
0.41061513486396245, 0.06269216332310358
0.4145698678288639, 0.06393290763479474
0.4185202383463046, 0.06518746282992985
0.4224662035391998, 0.0664558152916424
0.4264092032908923, 0.06773335676996058
0.4264092032908923, 0.06773335676996058
0.4342831984266339, 0.07032514940574719
0.4382141225907774, 0.0716393771205766
0.44204302499065096, 0.07293190394303811
0.44596622851527223, 0.07426900280814522
0.4497875383903764, 0.07558380698100557
0.45379995832120334, 0.0769800664229229
0.4577105321494729, 0.078353664473419
0.46151942449862, 0.07970401933313091
0.46151942449862, 0.07970401933313091
0.46932117652509436, 0.08250580611449472
0.47321548321794116, 0.08392485908910632
0.4771048100736111, 0.0853575125295573
0.4809907888887979, 0.08679922259700908
0.48477550782646317, 0.08821591654328588
0.48865302431569874, 0.08968023384031486
0.4925253976345513, 0.09115809068119762
0.496392585752513, 0.09264947102536478
0.5002562890807962, 0.09414985626312361
0.5002562890807962, 0.09414985626312361
0.507969616854129, 0.0971865918666509
0.5118191715325019, 0.09872291476529257
0.5155681084746639, 0.1002317523901655
0.5194086504260305, 0.10179046878209369
0.5231487364199771, 0.10332111437543802
0.5270749747549615, 0.10494398426157821
0.5309008255200081, 0.10653841995932978
0.5346264862585861, 0.10810385000745008
0.538442986253584, 0.1097205401629385
0.538442986253584, 0.1097205401629385
0.5460608247923033, 0.11298944280183762
0.5498620944330433, 0.1146416257181819
0.5536595048598383, 0.11630265952913837
0.5573572473100934, 0.11793294169677726
0.5611449195862235, 0.11961606320139538
0.5649266847185852, 0.12131240881663968
0.5687025016601265, 0.12302196013047667
0.5724743258122745, 0.12474030288905091
0.5761469590472357, 0.12642638838391707
0.5761469590472357, 0.12642638838391707
0.5837583303328744, 0.1299637560494794
0.5874150928192422, 0.13168399071162087
0.591160465873266, 0.1334592484272398
0.5949016931519086, 0.1352432264877026
0.5986366611717274, 0.1370402656786039
0.6023653293936038, 0.13885034649498826
0.6059956253261184, 0.14062575366431793
0.609713688523386, 0.14245751929665085
0.6134274743794261, 0.14429794149988243
0.6134274743794261, 0.14429794149988243
0.6208378024403801, 0.14801334544745506
0.6245342776192347, 0.1498882935861467
0.6281330013068473, 0.1517268547069029
0.6318184942241303, 0.15362329907131997
0.6355904469157893, 0.1555781461298715
0.6391718822636522, 0.1574501610933848
0.642839543705812, 0.1593808653214753
0.6464100158257068, 0.16127370657620133
0.6501566126764406, 0.16327672084687267
0.6501566126764406, 0.16327672084687267
0.6573575984207589, 0.16716977664701027
0.6609956051857149, 0.16915579428258315
0.6646289754836421, 0.17115028157229287
0.6682553516572769, 0.17315745167220933
0.6718746943461501, 0.1751772827966287
0.6754893218472688, 0.17720554000389538
0.6790078091381736, 0.17919334441034032
0.682610562904066, 0.1812426185679433
0.6862061313077715, 0.18330446817860357
0.6862061313077715, 0.18330446817860357
0.6933779771059551, 0.1874616272684023
0.6968659622257427, 0.18950247978112306
0.7004372734014618, 0.19160607093837229
0.7040915720502403, 0.193772901692256
0.7075603886442784, 0.19584616737987678
0.7111119430647138, 0.19798294543792522
0.7145686262699984, 0.20007637811963333
0.7181948627206711, 0.20228985125799598
0.7217263520010455, 0.20445963067841527
0.7217263520010455, 0.20445963067841527
0.7286835068919618, 0.2087733384775898
0.7321971875718991, 0.2109718396374962
0.7357031620395325, 0.2131826039838272
0.7392013922412255, 0.21540560752107926
0.7426944342765534, 0.21763675444813377
0.7460938002342968, 0.21982203023390434
0.7495737889802808, 0.22207348256484483
0.7495737889802808, 0.22207348256484483
0.7495737889802808, 0.22207348256484483
0.7495737889802808, 0.22207348256484483
0.7495737889802808, 0.22207348256484483
0.7495737889802808, 0.22207348256484483
0.7495737889802808, 0.22207348256484483
0.7495737889802808, 0.22207348256484483
0.7495737889802808, 0.22207348256484483
0.7495737889802808, 0.22207348256484483
0.7495737889802808, 0.22207348256484483
0.7495737889802808, 0.22207348256484483
0.7495737889802808, 0.22207348256484483
0.7495737889802808, 0.22207348256484483
0.7495737889802808, 0.22207348256484483
0.7495737889802808, 0.22207348256484483
0.7495737889802808, 0.22207348256484483
0.7495737889802808, 0.22207348256484483
0.7495737889802808, 0.22207348256484483
0.7495737889802808, 0.22207348256484483
0.7495737889802808, 0.22207348256484483
0.7495737889802808, 0.22207348256484483
0.7495737889802808, 0.22207348256484483
0.7495737889802808, 0.22207348256484483
0.7495737889802808, 0.22207348256484483
0.7495737889802808, 0.22207348256484483
0.7495737889802808, 0.22207348256484483
0.7495737889802808, 0.22207348256484483
0.7495737889802808, 0.22207348256484483
0.7495737889802808, 0.22207348256484483
0.7495737889802808, 0.22207348256484483
0.7495737889802808, 0.22207348256484483
0.7495737889802808, 0.22207348256484483
0.7495737889802808, 0.22207348256484483
0.7495737889802808, 0.22207348256484483
0.7495737889802808, 0.22207348256484483
0.7495737889802808, 0.22207348256484483
0.7495737889802808, 0.22207348256484483
0.7460108374110578, 0.21975951485307554
0.7422769126320524, 0.21732831976922848
0.7386312067167143, 0.21495154032206293
0.7349855008013763, 0.21257476087489738
0.7314279494828447, 0.21025249924627915
0.7314279494828447, 0.21025249924627915
0.7240581510471649, 0.20542946684574512
0.7204179919322987, 0.2030442008689498
0.7167778328174326, 0.20065893489215453
0.7132257010563176, 0.1983283919495309
0.7095883227517108, 0.19593888755933253
0.7058657658171341, 0.19349032192618573
0.7022311732577744, 0.19109658236452767
0.7022311732577744, 0.19109658236452767
0.7022311732577744, 0.19109658236452767
0.7022311732577744, 0.19109658236452767
0.7022311732577744, 0.19109658236452767
0.7022311732577744, 0.19109658236452767
0.7022311732577744, 0.19109658236452767
0.7022311732577744, 0.19109658236452767
0.7022311732577744, 0.19109658236452767
0.7022311732577744, 0.19109658236452767
0.7022311732577744, 0.19109658236452767
0.7022311732577744, 0.19109658236452767
0.7022311732577744, 0.19109658236452767
0.7022311732577744, 0.19109658236452767
0.7022311732577744, 0.19109658236452767
0.7022311732577744, 0.19109658236452767
0.7022311732577744, 0.19109658236452767
0.7022311732577744, 0.19109658236452767
0.7022311732577744, 0.19109658236452767
0.7022311732577744, 0.19109658236452767
0.7022311732577744, 0.19109658236452767
0.7022311732577744, 0.19109658236452767
0.7022311732577744, 0.19109658236452767
0.7022311732577744, 0.19109658236452767
0.6952135502692758, 0.18649234107233462
0.69174145018265, 0.18422874211069748
0.68817580734982, 0.1819189271139651
0.6846047916687487, 0.1796174238093231
0.6811169567564203, 0.17737814560083348
0.6776239147210924, 0.175146998673779
0.6740395558009123, 0.17286633175661179
0.6740395558009123, 0.17286633175661179
0.6740395558009123, 0.17286633175661179
0.6740395558009123, 0.17286633175661179
0.6740395558009123, 0.17286633175661179
0.6740395558009123, 0.17286633175661179
0.6740395558009123, 0.17286633175661179
0.6740395558009123, 0.17286633175661179
0.6740395558009123, 0.17286633175661179
0.6740395558009123, 0.17286633175661179
0.6740395558009123, 0.17286633175661179
0.6740395558009123, 0.17286633175661179
0.6740395558009123, 0.17286633175661179
0.6740395558009123, 0.17286633175661179
0.6740395558009123, 0.17286633175661179
0.6740395558009123, 0.17286633175661179
0.6740395558009123, 0.17286633175661179
0.6740395558009123, 0.17286633175661179
0.6740395558009123, 0.17286633175661179
0.6703664132585496, 0.17053217751468924
0.666693270716187, 0.1681980232727667
0.6630201281738242, 0.16586386903084407
0.65926092247705, 0.16347195006893708
0.65926092247705, 0.16347195006893708
0.6519200799884216, 0.15879508785121593
0.6482496587441073, 0.15645665674235537
0.6445792374997932, 0.15411822563349484
0.6408228204433857, 0.15172192959808384
0.6371551254769382, 0.14937922479493523
0.6334874305104907, 0.14703651999178663
0.6298197355440432, 0.14469381518863803
0.6262406993556375, 0.14240480439403322
0.6224898748656514, 0.13999976397102293
0.6224898748656514, 0.13999976397102293
0.6294550878625528, 0.14449455559673957
0.6328416692700767, 0.14669959200114535
0.6363084866907807, 0.1489712733701261
0.6397673424983594, 0.15125505367153072
0.6432181991505992, 0.15355090811734481
0.6466636980526939, 0.15585479539460792
0.6500165031423321, 0.15811085771764707
0.6535329376297103, 0.1604949178314902
0.6569568188373176, 0.16283081096835808
0.6569568188373176, 0.16283081096835808
0.6637001123215682, 0.1674717238244809
0.6671048341037888, 0.1698354558009001
0.6705012730352398, 0.1722110691001617
0.6705012730352398, 0.1722110691001617
0.6771845519051886, 0.17693799862146412
0.6805587092028764, 0.17934515914812868
0.6839272496616516, 0.18176017352660873
0.6872873283154132, 0.1841869424491149
0.6906389086940684, 0.1866254395756428
0.6906389086940684, 0.1866254395756428
0.6972385832709057, 0.1914684112493892
0.7006519862340074, 0.19399778554789268
0.703974936447948, 0.1964751553520084
0.7072077645591385, 0.19890001443616917
0.7105162303828478, 0.20139669486506237
0.7137348814511194, 0.20384034059946296
0.7137348814511194, 0.20384034059946296
0.7137348814511194, 0.20384034059946296
0.7137348814511194, 0.20384034059946296
0.7137348814511194, 0.20384034059946296
0.7137348814511194, 0.20384034059946296
0.7137348814511194, 0.20384034059946296
0.7137348814511194, 0.20384034059946296
0.7137348814511194, 0.20384034059946296
0.7137348814511194, 0.20384034059946296
0.7137348814511194, 0.20384034059946296
0.7137348814511194, 0.20384034059946296
0.7137348814511194, 0.20384034059946296
0.7137348814511194, 0.20384034059946296
0.7137348814511194, 0.20384034059946296
0.7137348814511194, 0.20384034059946296
0.7137348814511194, 0.20384034059946296
0.7137348814511194, 0.20384034059946296
0.7137348814511194, 0.20384034059946296
0.7137348814511194, 0.20384034059946296
0.7137348814511194, 0.20384034059946296
0.7137348814511194, 0.20384034059946296
0.7137348814511194, 0.20384034059946296
0.7137348814511194, 0.20384034059946296
0.7137348814511194, 0.20384034059946296
0.7137348814511194, 0.20384034059946296
0.7137348814511194, 0.20384034059946296
0.7137348814511194, 0.20384034059946296
0.7137348814511194, 0.20384034059946296
0.7137348814511194, 0.20384034059946296
0.7137348814511194, 0.20384034059946296
0.7137348814511194, 0.20384034059946296
0.7137348814511194, 0.20384034059946296
0.7104351601578561, 0.20133211440203636
0.7104351601578561, 0.20133211440203636
0.7036587714572747, 0.19620602295595066
0.7003473997622918, 0.19371319789824237
0.6968643713089614, 0.1911038385153271
0.69345982622184, 0.18856255080916365
0.6901339926393305, 0.18608905323444805
0.6867205881325247, 0.1835596777920404
0.6867205881325247, 0.1835596777920404
0.6867205881325247, 0.1835596777920404
0.6867205881325247, 0.1835596777920404
0.6867205881325247, 0.1835596777920404
0.6867205881325247, 0.1835596777920404
0.6867205881325247, 0.1835596777920404
0.6867205881325247, 0.1835596777920404
0.6867205881325247, 0.1835596777920404
0.6867205881325247, 0.1835596777920404
0.6867205881325247, 0.1835596777920404
0.6867205881325247, 0.1835596777920404
0.6867205881325247, 0.1835596777920404
0.6867205881325247, 0.1835596777920404
0.6867205881325247, 0.1835596777920404
0.6867205881325247, 0.1835596777920404
0.6867205881325247, 0.1835596777920404
0.6867205881325247, 0.1835596777920404
0.6867205881325247, 0.1835596777920404
0.6867205881325247, 0.1835596777920404
0.6867205881325247, 0.1835596777920404
0.6867205881325247, 0.1835596777920404
0.6867205881325247, 0.1835596777920404
0.6867205881325247, 0.1835596777920404
0.6867205881325247, 0.1835596777920404
0.6799828610477524, 0.17855476979922297
0.6765812798824178, 0.17600951937812853
0.6731856357867775, 0.17345635043904942
0.6731856357867775, 0.17345635043904942
0.6665745293441699, 0.16845528900617965
0.6665745293441699, 0.16845528900617965
0.6665745293441699, 0.16845528900617965
0.6665745293441699, 0.16845528900617965
0.6665745293441699, 0.16845528900617965
0.6665745293441699, 0.16845528900617965
0.6665745293441699, 0.16845528900617965
0.6665745293441699, 0.16845528900617965
0.6665745293441699, 0.16845528900617965
0.6665745293441699, 0.16845528900617965
0.6665745293441699, 0.16845528900617965
0.6665745293441699, 0.16845528900617965
0.6665745293441699, 0.16845528900617965
0.6665745293441699, 0.16845528900617965
0.6665745293441699, 0.16845528900617965
0.6665745293441699, 0.16845528900617965
0.6597367134096939, 0.16323876619962907
0.6563650077030624, 0.16065406678120392
0.6529963149232366, 0.15806544177729023
0.6497142034590765, 0.15553421606481388
0.6463545768659865, 0.15293383539830718
0.6429176681664289, 0.15026402226124658
0.6395671487833857, 0.14765191768455155
0.63621967423411, 0.14503591221863874
0.6395610439838737, 0.14765970762335417
0.6395610439838737, 0.14765970762335417
0.6459756624766171, 0.15274525073549267
0.649130644149503, 0.1552705645413972
0.6523589677656685, 0.1578700425466864
0.6556602256439659, 0.16054413127958583
0.6587915389363076, 0.16309873423107235
0.6619954999101346, 0.16572818157773406
0.6651933266710055, 0.16836508568636802
0.6683037070208021, 0.17094513476616077
0.671564096098041, 0.17366890369825871
0.671564096098041, 0.17366890369825871
0.6778217829942221, 0.17894634946891577
0.6809793158512804, 0.1816313719133786
0.6840502732059864, 0.1842582217568444
0.687269045923186, 0.18703104636822038
0.6904014220902311, 0.18974537479691123
0.6934477685781796, 0.1924007264214433
0.6965642835558543, 0.195133251565811
0.6997505409818948, 0.19794337927562125
0.7027720120859827, 0.200627002114565
0.7027720120859827, 0.200627002114565
0.7088670285344655, 0.20609151066022469
0.7088670285344655, 0.20609151066022469
0.7088670285344655, 0.20609151066022469
0.7088670285344655, 0.20609151066022469
0.7088670285344655, 0.20609151066022469
0.7088670285344655, 0.20609151066022469
0.7088670285344655, 0.20609151066022469
0.7088670285344655, 0.20609151066022469
0.7088670285344655, 0.20609151066022469
0.7088670285344655, 0.20609151066022469
0.7088670285344655, 0.20609151066022469
0.7088670285344655, 0.20609151066022469
0.7088670285344655, 0.20609151066022469
0.7088670285344655, 0.20609151066022469
0.7088670285344655, 0.20609151066022469
0.7088670285344655, 0.20609151066022469
0.7088670285344655, 0.20609151066022469
0.7088670285344655, 0.20609151066022469
0.7088670285344655, 0.20609151066022469
0.7088670285344655, 0.20609151066022469
0.7088670285344655, 0.20609151066022469
0.7088670285344655, 0.20609151066022469
0.7088670285344655, 0.20609151066022469
0.7088670285344655, 0.20609151066022469
0.7088670285344655, 0.20609151066022469
0.7088670285344655, 0.20609151066022469
0.7088670285344655, 0.20609151066022469
0.7088670285344655, 0.20609151066022469
0.7088670285344655, 0.20609151066022469
0.7088670285344655, 0.20609151066022469
0.7088670285344655, 0.20609151066022469
0.7088670285344655, 0.20609151066022469
0.7088670285344655, 0.20609151066022469
0.7088670285344655, 0.20609151066022469
0.7056351090416281, 0.2031769011574924
0.7056351090416281, 0.2031769011574924
0.6991712700559533, 0.19734768215202775
0.6958606629731159, 0.194365604934037
0.6926253507562594, 0.191454761925378
0.689390038539403, 0.18854391891671898
0.6861547263225465, 0.18563307590805997
0.6861547263225465, 0.18563307590805997
0.6828406479831538, 0.18265485688465727
0.6828406479831538, 0.18265485688465727
0.6828406479831538, 0.18265485688465727
0.6828406479831538, 0.18265485688465727
0.6828406479831538, 0.18265485688465727
0.6828406479831538, 0.18265485688465727
0.6828406479831538, 0.18265485688465727
0.6828406479831538, 0.18265485688465727
0.6828406479831538, 0.18265485688465727
0.6828406479831538, 0.18265485688465727
0.6828406479831538, 0.18265485688465727
0.6828406479831538, 0.18265485688465727
0.6828406479831538, 0.18265485688465727
0.6828406479831538, 0.18265485688465727
0.6828406479831538, 0.18265485688465727
0.6828406479831538, 0.18265485688465727
0.6828406479831538, 0.18265485688465727
0.6828406479831538, 0.18265485688465727
0.6828406479831538, 0.18265485688465727
0.6828406479831538, 0.18265485688465727
0.6828406479831538, 0.18265485688465727
0.6828406479831538, 0.18265485688465727
0.6828406479831538, 0.18265485688465727
0.6828406479831538, 0.18265485688465727
0.6828406479831538, 0.18265485688465727
0.6828406479831538, 0.18265485688465727
0.6859972719136317, 0.1854982315507848
0.6859972719136317, 0.1854982315507848
0.6920539496916757, 0.19100520290042963
0.6951092327212516, 0.19380602507969408
0.6951092327212516, 0.19380602507969408
0.7011936225163239, 0.19943606853300924
0.7011936225163239, 0.19943606853300924
0.7071662208540267, 0.2050341171438498
0.7101787443177977, 0.20788088050790066
0.7132580699484841, 0.21080779147180775
0.7161774378857325, 0.21360214471030609
0.7161774378857325, 0.21360214471030609
0.7221424647689633, 0.219358514932343
0.7250389520139243, 0.22217657824148257
0.7280736061198518, 0.22514977998166397
0.730950328023926, 0.22798801715659464
0.7338923235435114, 0.230907609873638
0.7368275096429024, 0.23383404829475932
0.7396809944662442, 0.23669564636882517
0.7426702812461213, 0.23971445717410791
0.7426702812461213, 0.23971445717410791
0.7426702812461213, 0.23971445717410791
0.7426702812461213, 0.23971445717410791
0.7426702812461213, 0.23971445717410791
0.7426702812461213, 0.23971445717410791
0.7426702812461213, 0.23971445717410791
0.7426702812461213, 0.23971445717410791
0.7426702812461213, 0.23971445717410791
0.7426702812461213, 0.23971445717410791
0.7426702812461213, 0.23971445717410791
0.7426702812461213, 0.23971445717410791
0.7426702812461213, 0.23971445717410791
0.7426702812461213, 0.23971445717410791
0.7426702812461213, 0.23971445717410791
0.7426702812461213, 0.23971445717410791
0.7426702812461213, 0.23971445717410791
0.7426702812461213, 0.23971445717410791
0.7426702812461213, 0.23971445717410791
0.7426702812461213, 0.23971445717410791
0.7426702812461213, 0.23971445717410791
0.7396098857134626, 0.2366202330743379
0.7366170833185454, 0.2336049048532783
0.7366170833185454, 0.2336049048532783
0.730690614839297, 0.2276615857763725
0.730690614839297, 0.2276615857763725
0.7245965699171277, 0.2215927758904376
0.7185585117155066, 0.21561463985243728
0.7185585117155066, 0.21561463985243728
0.7185585117155066, 0.21561463985243728
0.7185585117155066, 0.21561463985243728
0.7185585117155066, 0.21561463985243728
0.7185585117155066, 0.21561463985243728
0.7185585117155066, 0.21561463985243728
0.7185585117155066, 0.21561463985243728
0.7185585117155066, 0.21561463985243728
0.7185585117155066, 0.21561463985243728
0.7185585117155066, 0.21561463985243728
0.7185585117155066, 0.21561463985243728
0.7185585117155066, 0.21561463985243728
0.7185585117155066, 0.21561463985243728
0.7185585117155066, 0.21561463985243728
0.7185585117155066, 0.21561463985243728
0.7185585117155066, 0.21561463985243728
0.7185585117155066, 0.21561463985243728
0.7185585117155066, 0.21561463985243728
0.7185585117155066, 0.21561463985243728
0.7185585117155066, 0.21561463985243728
0.7185585117155066, 0.21561463985243728
0.7185585117155066, 0.21561463985243728
0.7185585117155066, 0.21561463985243728
0.7185585117155066, 0.21561463985243728
0.7185585117155066, 0.21561463985243728
0.7185585117155066, 0.21561463985243728
0.7185585117155066, 0.21561463985243728
0.7185585117155066, 0.21561463985243728
0.7185585117155066, 0.21561463985243728
0.7156131174708136, 0.21269847593146154
0.7126745246678678, 0.20977545837948747
0.7098177086111235, 0.2069171859655165
0.7098177086111235, 0.2069171859655165
0.7039120498266702, 0.2009531992811903
0.7010077027060385, 0.19799615226202555
0.6981843726542795, 0.19510479849719936
0.6952972964326042, 0.19213088690454747
0.6923469331527133, 0.18907402402782028
0.6894772257552373, 0.18608334873224822
0.6866144931746566, 0.18308599632674846
0.6838318515501391, 0.18015546313907727
0.6838318515501391, 0.18015546313907727
0.6838318515501391, 0.18015546313907727
0.6838318515501391, 0.18015546313907727
0.6838318515501391, 0.18015546313907727
0.6838318515501391, 0.18015546313907727
0.6838318515501391, 0.18015546313907727
0.6838318515501391, 0.18015546313907727
0.6838318515501391, 0.18015546313907727
0.6838318515501391, 0.18015546313907727
0.6838318515501391, 0.18015546313907727
0.6838318515501391, 0.18015546313907727
0.6838318515501391, 0.18015546313907727
0.6838318515501391, 0.18015546313907727
0.6838318515501391, 0.18015546313907727
0.6838318515501391, 0.18015546313907727
0.6838318515501391, 0.18015546313907727
0.6838318515501391, 0.18015546313907727
0.6838318515501391, 0.18015546313907727
0.6838318515501391, 0.18015546313907727
0.6838318515501391, 0.18015546313907727
0.6838318515501391, 0.18015546313907727
0.6838318515501391, 0.18015546313907727
0.6838318515501391, 0.18015546313907727
0.6838318515501391, 0.18015546313907727
0.6838318515501391, 0.18015546313907727
0.6838318515501391, 0.18015546313907727
0.6838318515501391, 0.18015546313907727
0.6838318515501391, 0.18015546313907727
0.6838318515501391, 0.18015546313907727
0.6838318515501391, 0.18015546313907727
0.6838318515501391, 0.18015546313907727
0.6838318515501391, 0.18015546313907727
0.6866042358114455, 0.18309570202090322
0.6894389141445911, 0.18611959983965728
0.6922665403612267, 0.18915009307503458
0.6950148593429636, 0.1921128387524704
0.6978932162632542, 0.19523759723431452
0.7006207623805916, 0.19821947774036072
0.7034093286869697, 0.20128595083262882
0.7061907438192767, 0.20435891180414267
0.7061907438192767, 0.20435891180414267
0.7117248688862526, 0.21053067396803612
0.7117248688862526, 0.21053067396803612
0.7171506645732265, 0.21666017805206123
0.7198852308838636, 0.2197749021752224
0.722678851917843, 0.2229756420348406
0.7253255435431869, 0.226029515413826
0.7253255435431869, 0.226029515413826
0.7253255435431869, 0.226029515413826
0.7253255435431869, 0.226029515413826
0.7253255435431869, 0.226029515413826
0.7253255435431869, 0.226029515413826
0.7253255435431869, 0.226029515413826
0.7253255435431869, 0.226029515413826
0.7253255435431869, 0.226029515413826
0.7253255435431869, 0.226029515413826
0.7253255435431869, 0.226029515413826
0.7253255435431869, 0.226029515413826
0.7253255435431869, 0.226029515413826
0.7253255435431869, 0.226029515413826
0.7253255435431869, 0.226029515413826
0.7253255435431869, 0.226029515413826
0.7253255435431869, 0.226029515413826
0.7253255435431869, 0.226029515413826
0.7253255435431869, 0.226029515413826
0.7253255435431869, 0.226029515413826
0.7253255435431869, 0.226029515413826
0.7253255435431869, 0.226029515413826
0.7253255435431869, 0.226029515413826
0.7253255435431869, 0.226029515413826
0.7253255435431869, 0.226029515413826
0.7253255435431869, 0.226029515413826
0.7253255435431869, 0.226029515413826
0.7253255435431869, 0.226029515413826
0.7253255435431869, 0.226029515413826
0.7253255435431869, 0.226029515413826
0.7253255435431869, 0.226029515413826
0.7253255435431869, 0.226029515413826
0.7253255435431869, 0.226029515413826
0.7253255435431869, 0.226029515413826
0.7253255435431869, 0.226029515413826
0.7196288070781617, 0.21944862124724676
0.7168426487576792, 0.21624138064683293
0.7140527565561601, 0.2130373875195557
0.7111929070197957, 0.20975691304305757
0.7083992847224073, 0.20655617173591215
0.7055318014530209, 0.2032823691615795
0.7026605061775837, 0.20001190809273117
0.699855716354168, 0.19682094828380234
0.6969806136166962, 0.19355383389789815
0.6969806136166962, 0.19355383389789815
0.6912875939169594, 0.18710733378982017
0.6884010922186725, 0.18385028603036274
0.6884010922186725, 0.18385028603036274
0.6884010922186725, 0.18385028603036274
0.6884010922186725, 0.18385028603036274
0.6884010922186725, 0.18385028603036274
0.6884010922186725, 0.18385028603036274
0.6884010922186725, 0.18385028603036274
0.6884010922186725, 0.18385028603036274
0.6884010922186725, 0.18385028603036274
0.6884010922186725, 0.18385028603036274
0.6884010922186725, 0.18385028603036274
0.6884010922186725, 0.18385028603036274
0.6884010922186725, 0.18385028603036274
0.6884010922186725, 0.18385028603036274
0.6884010922186725, 0.18385028603036274
0.6884010922186725, 0.18385028603036274
0.6884010922186725, 0.18385028603036274
0.6884010922186725, 0.18385028603036274
0.6884010922186725, 0.18385028603036274
0.6884010922186725, 0.18385028603036274
0.6884010922186725, 0.18385028603036274
0.6884010922186725, 0.18385028603036274
0.6884010922186725, 0.18385028603036274
0.6884010922186725, 0.18385028603036274
0.6884010922186725, 0.18385028603036274
0.6884010922186725, 0.18385028603036274
0.6884010922186725, 0.18385028603036274
0.6884010922186725, 0.18385028603036274
0.6884010922186725, 0.18385028603036274
0.6884010922186725, 0.18385028603036274
0.6884010922186725, 0.18385028603036274
0.6884010922186725, 0.18385028603036274
0.6884010922186725, 0.18385028603036274
0.6884010922186725, 0.18385028603036274
0.6884010922186725, 0.18385028603036274
0.6884010922186725, 0.18385028603036274
0.6911465258398212, 0.18695543554408012
0.6938847183039568, 0.1900669723508722
0.6938847183039568, 0.1900669723508722
0.6993320396682355, 0.196315482446797
0.701971609856576, 0.1993755132301984
0.7046697113907733, 0.20252187738296817
0.7074258617594897, 0.20575493928702543
0.7100368033387772, 0.2088394332883304
0.7127054692502495, 0.2120108023182004
0.7153667399490771, 0.2151883796246141
0.717952445436545, 0.21829405930974216
0.7206593256745168, 0.22156848345876717
0.7206593256745168, 0.22156848345876717
0.7258455646330394, 0.22790196627771975
0.7284584162113099, 0.23111947554741916
0.7309967998957618, 0.23426395125014723
0.7336537893553967, 0.23757898686712506
0.7336537893553967, 0.23757898686712506
0.7336537893553967, 0.23757898686712506
0.7336537893553967, 0.23757898686712506
0.7336537893553967, 0.23757898686712506
0.7336537893553967, 0.23757898686712506
0.7336537893553967, 0.23757898686712506
0.7336537893553967, 0.23757898686712506
0.7336537893553967, 0.23757898686712506
0.7336537893553967, 0.23757898686712506
0.7336537893553967, 0.23757898686712506
0.7336537893553967, 0.23757898686712506
0.7336537893553967, 0.23757898686712506
0.7336537893553967, 0.23757898686712506
0.7336537893553967, 0.23757898686712506
0.7336537893553967, 0.23757898686712506
0.7336537893553967, 0.23757898686712506
0.7336537893553967, 0.23757898686712506
0.7336537893553967, 0.23757898686712506
0.7336537893553967, 0.23757898686712506
0.7336537893553967, 0.23757898686712506
0.7336537893553967, 0.23757898686712506
0.7336537893553967, 0.23757898686712506
0.7336537893553967, 0.23757898686712506
0.7336537893553967, 0.23757898686712506
0.7336537893553967, 0.23757898686712506
0.7336537893553967, 0.23757898686712506
0.7281534030186787, 0.2306999374657898
0.7254335857705929, 0.2273024610054424
0.722713768522507, 0.22390498454509494
0.7199939512744211, 0.22050750808474748
0.7172073513126199, 0.21703076184093265
0.7144835785531145, 0.2136364557091619
0.7117598057936091, 0.21024214957739112
0.7090360330341038, 0.20684784344562043
0.7063122602745984, 0.20345353731384969
0.7063122602745984, 0.20345353731384969
0.7007350112908493, 0.1965032914249858
0.6980112385313438, 0.19310898529321505
0.6952874657718384, 0.1897146791614443
0.6924968180110399, 0.18624118108801135
0.6897690934355745, 0.18285004989001824
0.6897690934355745, 0.18285004989001824
0.6897690934355745, 0.18285004989001824
0.6897690934355745, 0.18285004989001824
0.6897690934355745, 0.18285004989001824
0.6897690934355745, 0.18285004989001824
0.6897690934355745, 0.18285004989001824
0.6897690934355745, 0.18285004989001824
0.6897690934355745, 0.18285004989001824
0.6897690934355745, 0.18285004989001824
0.6897690934355745, 0.18285004989001824
0.6897690934355745, 0.18285004989001824
0.6897690934355745, 0.18285004989001824
0.6897690934355745, 0.18285004989001824
0.6897690934355745, 0.18285004989001824
0.6897690934355745, 0.18285004989001824
0.6897690934355745, 0.18285004989001824
0.6897690934355745, 0.18285004989001824
0.6897690934355745, 0.18285004989001824
0.6897690934355745, 0.18285004989001824
0.6897690934355745, 0.18285004989001824
0.6897690934355745, 0.18285004989001824
0.6897690934355745, 0.18285004989001824
0.6897690934355745, 0.18285004989001824
0.6897690934355745, 0.18285004989001824
0.6897690934355745, 0.18285004989001824
0.6897690934355745, 0.18285004989001824
0.6897690934355745, 0.18285004989001824
0.6897690934355745, 0.18285004989001824
0.6897690934355745, 0.18285004989001824
0.6897690934355745, 0.18285004989001824
0.6923631621437607, 0.18608272166548243
0.6949459171032308, 0.1893244361473636
0.6975173302809172, 0.19257515815028717
0.7000811636504186, 0.19583186165599725
0.7000811636504186, 0.19583186165599725
0.7051784185351215, 0.20236907674385932
0.7077117939458991, 0.20564952919721696
0.7101725100105533, 0.20885514857944135
0.7126867373222234, 0.21215029960722803
0.7151932814797262, 0.21545129879795222
0.7176882737209824, 0.21876103438841496
0.7201716869654963, 0.22207947045494478
0.722583582296088, 0.22532198184101707
0.7250476270748004, 0.22865482486149868
0.7250476270748004, 0.22865482486149868
0.7299445978147094, 0.23534338719110837
0.7323774794830424, 0.23869904600251368
0.7348025372599599, 0.24206036331114214
0.7371574145194567, 0.24534451803758914
0.7395628550827603, 0.248719901714608
0.7420183457406452, 0.25218683404153364
0.7443425183170925, 0.25549278942680886
0.7467164019115549, 0.25889044096141534
0.7467164019115549, 0.25889044096141534
0.7467164019115549, 0.25889044096141534
0.7467164019115549, 0.25889044096141534
0.7467164019115549, 0.25889044096141534
0.7467164019115549, 0.25889044096141534
0.7467164019115549, 0.25889044096141534
0.7467164019115549, 0.25889044096141534
0.7420162702790166, 0.25218828893466483
0.7395607796211318, 0.2487213566077392
0.7371553390578282, 0.24534597293072033
0.7348004617983314, 0.24206181820427333
0.7348004617983314, 0.24206181820427333
0.7323754040214139, 0.23870050089564487
0.7323754040214139, 0.23870050089564487
0.7323754040214139, 0.23870050089564487
0.7323754040214139, 0.23870050089564487
0.7323754040214139, 0.23870050089564487
0.7323754040214139, 0.23870050089564487
0.7323754040214139, 0.23870050089564487
0.7323754040214139, 0.23870050089564487
0.7323754040214139, 0.23870050089564487
0.7323754040214139, 0.23870050089564487
0.7323754040214139, 0.23870050089564487
0.7323754040214139, 0.23870050089564487
0.7323754040214139, 0.23870050089564487
0.7323754040214139, 0.23870050089564487
0.7323754040214139, 0.23870050089564487
0.7323754040214139, 0.23870050089564487
0.7323754040214139, 0.23870050089564487
0.7323754040214139, 0.23870050089564487
0.7323754040214139, 0.23870050089564487
0.7323754040214139, 0.23870050089564487
0.7323754040214139, 0.23870050089564487
0.7323754040214139, 0.23870050089564487
0.7323754040214139, 0.23870050089564487
0.7323754040214139, 0.23870050089564487
0.7323754040214139, 0.23870050089564487
0.7323754040214139, 0.23870050089564487
0.7323754040214139, 0.23870050089564487
0.7323754040214139, 0.23870050089564487
0.7323754040214139, 0.23870050089564487
0.7323754040214139, 0.23870050089564487
0.7323754040214139, 0.23870050089564487
0.7323754040214139, 0.23870050089564487
0.7323754040214139, 0.23870050089564487
0.7323754040214139, 0.23870050089564487
0.7323754040214139, 0.23870050089564487
0.7323754040214139, 0.23870050089564487
0.7323754040214139, 0.23870050089564487
0.7298837034939292, 0.23525949828927123
0.7273250753951533, 0.23173903442096191
0.7273250753951533, 0.23173903442096191
0.7223136602858362, 0.22487740371557524
0.7198019618473996, 0.22145097096268296
0.7172862740282777, 0.21802746614269808
0.7147031049412329, 0.21452496973818147
0.7121754694805326, 0.2111102765698947
0.7096438583241421, 0.2076985298898817
0.7096438583241421, 0.2076985298898817
0.7045687226686657, 0.2008838945061278
0.7020212442829359, 0.19748398156537747
0.7020212442829359, 0.19748398156537747
0.6994658512705308, 0.1940900108807827
0.6994658512705308, 0.1940900108807827
0.6994658512705308, 0.1940900108807827
0.6994658512705308, 0.1940900108807827
0.6994658512705308, 0.1940900108807827
0.6994658512705308, 0.1940900108807827
0.6994658512705308, 0.1940900108807827
0.6994658512705308, 0.1940900108807827
0.6994658512705308, 0.1940900108807827
0.6994658512705308, 0.1940900108807827
0.6994658512705308, 0.1940900108807827
0.6994658512705308, 0.1940900108807827
0.6994658512705308, 0.1940900108807827
0.6994658512705308, 0.1940900108807827
0.6994658512705308, 0.1940900108807827
0.6994658512705308, 0.1940900108807827
0.6994658512705308, 0.1940900108807827
0.6994658512705308, 0.1940900108807827
0.6994658512705308, 0.1940900108807827
0.6994658512705308, 0.1940900108807827
0.6994658512705308, 0.1940900108807827
0.6994658512705308, 0.1940900108807827
0.6994658512705308, 0.1940900108807827
0.6994658512705308, 0.1940900108807827
0.7018928277883384, 0.19732124967674797
0.7044323788779746, 0.20072708795734343
0.7068367139605539, 0.2039752092582214
0.7092929879145967, 0.20731378343492646
0.7117414777138448, 0.2106580706495135
0.7117414777138448, 0.2106580706495135
0.7166072322483934, 0.2173693761316174
0.7190244529731793, 0.22073633369570075
0.7213716731277128, 0.22402596539555591
0.7237692439233262, 0.2274069435899095
0.7261589319397044, 0.23079349795313028
0.7285367698711246, 0.2341883797971132
0.7309027319086764, 0.23759155227401427
0.7309027319086764, 0.23759155227401427
0.7309027319086764, 0.23759155227401427
0.7309027319086764, 0.23759155227401427
0.7309027319086764, 0.23759155227401427
0.7309027319086764, 0.23759155227401427
0.7309027319086764, 0.23759155227401427
0.7309027319086764, 0.23759155227401427
0.7309027319086764, 0.23759155227401427
0.7309027319086764, 0.23759155227401427
0.7309027319086764, 0.23759155227401427
0.7309027319086764, 0.23759155227401427
0.7309027319086764, 0.23759155227401427
0.7309027319086764, 0.23759155227401427
0.7309027319086764, 0.23759155227401427
0.7309027319086764, 0.23759155227401427
0.7309027319086764, 0.23759155227401427
0.7309027319086764, 0.23759155227401427
0.7309027319086764, 0.23759155227401427
0.7309027319086764, 0.23759155227401427
0.7309027319086764, 0.23759155227401427
0.7309027319086764, 0.23759155227401427
0.7309027319086764, 0.23759155227401427
0.7309027319086764, 0.23759155227401427
0.7309027319086764, 0.23759155227401427
0.7309027319086764, 0.23759155227401427
0.7285367698711246, 0.2341883797971132
0.7261015120377523, 0.23070720565389066
0.7236581500190464, 0.22723171252322813
0.7212684620026683, 0.2238451581600074
0.7188708912070547, 0.22046417996565387
0.716465450643751, 0.21708879628863492
0.7139898104478697, 0.21363622337108812
0.7139898104478697, 0.21363622337108812
0.7091318710026193, 0.20691924725105448
0.7066321611309406, 0.20348405860802943
0.7041875683946883, 0.2001369216785726
0.7016718817132804, 0.19671341840686
0.6992078369345679, 0.19338057538637832
0.6992078369345679, 0.19338057538637832
0.6992078369345679, 0.19338057538637832
0.6992078369345679, 0.19338057538637832
0.6992078369345679, 0.19338057538637832
0.6992078369345679, 0.19338057538637832
0.6992078369345679, 0.19338057538637832
0.6992078369345679, 0.19338057538637832
0.6992078369345679, 0.19338057538637832
0.6992078369345679, 0.19338057538637832
0.6992078369345679, 0.19338057538637832
0.6992078369345679, 0.19338057538637832
0.6992078369345679, 0.19338057538637832
0.6992078369345679, 0.19338057538637832
0.6992078369345679, 0.19338057538637832
0.6992078369345679, 0.19338057538637832
0.6992078369345679, 0.19338057538637832
0.6992078369345679, 0.19338057538637832
0.6992078369345679, 0.19338057538637832
0.6992078369345679, 0.19338057538637832
0.6992078369345679, 0.19338057538637832
0.6992078369345679, 0.19338057538637832
0.6992078369345679, 0.19338057538637832
0.6992078369345679, 0.19338057538637832
0.6992078369345679, 0.19338057538637832
0.6992078369345679, 0.19338057538637832
0.6992078369345679, 0.19338057538637832
0.6966802014738672, 0.18996588221809121
0.6940929538711809, 0.18646639625526854
0.6915097847841362, 0.18296389985075176
0.6889306965491979, 0.1794583961725333
0.6864150087300757, 0.17603489135254882
0.6838400054305199, 0.1725263859486942
0.6813283069920835, 0.1690999531958018
0.6786982742371822, 0.16550331149844888
0.6786982742371822, 0.16550331149844888
0.6736948549062084, 0.158635848187048
0.6711362262288657, 0.15511538352267773
0.6735063793172593, 0.1583885308631008
0.675927520210544, 0.16175267058159304
0.6783991371945933, 0.16520812476514107
0.6807386875058699, 0.16850321558567188
0.6831283755222483, 0.17188976994889285
0.6855101677906262, 0.17528188210225212
0.6878800906066332, 0.1786822941080059
0.6878800906066332, 0.1786822941080059
0.6925254202660519, 0.18542254569887298
0.694863556022127, 0.188844895835378
0.6971937127808194, 0.19227268356955782
0.6995118757737411, 0.1957085904805428
0.7018180198396897, 0.19915257927520527
0.7041161345859881, 0.2026019310814899
0.7063469930047203, 0.20597155864104483
0.7086249799832547, 0.20943423601502867
0.7109495707553106, 0.212990263556108
0.7109495707553106, 0.212990263556108
0.7153966837798907, 0.2198629096912929
0.7175762644480911, 0.22326593000938477
0.7198015593377544, 0.22676270308247798
0.7220720391949002, 0.23035352128293535
0.7242198151760336, 0.23377670364871814
0.7264124297860224, 0.2372940606739198
0.7264124297860224, 0.2372940606739198
0.7264124297860224, 0.2372940606739198
0.7264124297860224, 0.2372940606739198
0.7264124297860224, 0.2372940606739198
0.7264124297860224, 0.2372940606739198
0.7264124297860224, 0.2372940606739198
0.7264124297860224, 0.2372940606739198
0.7264124297860224, 0.2372940606739198
0.7264124297860224, 0.2372940606739198
0.7264124297860224, 0.2372940606739198
0.7264124297860224, 0.2372940606739198
0.7264124297860224, 0.2372940606739198
0.7264124297860224, 0.2372940606739198
0.7264124297860224, 0.2372940606739198
0.7264124297860224, 0.2372940606739198
0.7264124297860224, 0.2372940606739198
0.7264124297860224, 0.2372940606739198
0.7264124297860224, 0.2372940606739198
0.7264124297860224, 0.2372940606739198
0.7264124297860224, 0.2372940606739198
0.7264124297860224, 0.2372940606739198
0.7264124297860224, 0.2372940606739198
0.7264124297860224, 0.2372940606739198
0.7264124297860224, 0.2372940606739198
0.7264124297860224, 0.2372940606739198
0.7264124297860224, 0.2372940606739198
0.7264124297860224, 0.2372940606739198
0.7264124297860224, 0.2372940606739198
0.7264124297860224, 0.2372940606739198
0.7264124297860224, 0.2372940606739198
0.7264124297860224, 0.2372940606739198
0.7264124297860224, 0.2372940606739198
0.7264124297860224, 0.2372940606739198
0.7264124297860224, 0.2372940606739198
0.7264124297860224, 0.2372940606739198
0.7264124297860224, 0.2372940606739198
0.7264124297860224, 0.2372940606739198
0.7264124297860224, 0.2372940606739198
0.7264124297860224, 0.2372940606739198
0.7241670995201509, 0.2336874608274026
0.7219703894050724, 0.23017266013021065
0.7196552526175499, 0.2264875027046755
0.7173889558352582, 0.22289404067617008
0.7173889558352582, 0.22289404067617008
0.7128951136158913, 0.21580521479363676
0.7106657472193492, 0.21231103610034716
0.7083163718720623, 0.20864761159949033
0.7060166888466033, 0.205075423413217
0.7037670103961589, 0.20159428765885773
0.7014548588552896, 0.1980301572308584
0.7014548588552896, 0.1980301572308584
0.7014548588552896, 0.1980301572308584
0.7014548588552896, 0.1980301572308584
0.7014548588552896, 0.1980301572308584
0.7014548588552896, 0.1980301572308584
0.7014548588552896, 0.1980301572308584
0.7014548588552896, 0.1980301572308584
0.7014548588552896, 0.1980301572308584
0.7014548588552896, 0.1980301572308584
0.7014548588552896, 0.1980301572308584
0.7014548588552896, 0.1980301572308584
0.7014548588552896, 0.1980301572308584
0.7014548588552896, 0.1980301572308584
0.7014548588552896, 0.1980301572308584
0.7014548588552896, 0.1980301572308584
0.7014548588552896, 0.1980301572308584
0.7014548588552896, 0.1980301572308584
0.7014548588552896, 0.1980301572308584
0.7014548588552896, 0.1980301572308584
0.7014548588552896, 0.1980301572308584
0.7014548588552896, 0.1980301572308584
0.7014548588552896, 0.1980301572308584
0.7014548588552896, 0.1980301572308584
0.7014548588552896, 0.1980301572308584
0.7014548588552896, 0.1980301572308584
0.7014548588552896, 0.1980301572308584
0.7014548588552896, 0.1980301572308584
0.7014548588552896, 0.1980301572308584
0.7037085905818341, 0.2015086702142233
0.7058960929582216, 0.20490660378153153
0.7081295278369657, 0.20839818335431504
0.7081295278369657, 0.20839818335431504
0.7125638054633343, 0.2154020658773795
0.7125638054633343, 0.2154020658773795
0.7168982592187795, 0.22234631456206613
0.7190785694868584, 0.22587131192455873
0.7213028560721865, 0.22949092562173287
0.7234065966663137, 0.23294134511610756
0.7255539656078775, 0.2364865060291663
0.7276930699716541, 0.2400366597992928
0.7276930699716541, 0.2400366597992928
0.7319381431454461, 0.24715681023406252
0.7340440735589799, 0.25072674249728877
0.7360872107512424, 0.25421338982504266
0.7381723144038221, 0.257795526342356
0.7381723144038221, 0.257795526342356
0.7423090894981661, 0.26497913826696723
0.7423090894981661, 0.26497913826696723
0.7463486283372273, 0.27209898413050804
0.7463486283372273, 0.27209898413050804
0.7504478484762546, 0.2794230770505226
0.7524050972922284, 0.2829586528518467
0.7544019645190316, 0.28659071570223776
0.7563903651310491, 0.2902274205674693
0.7583187217057327, 0.2937788371996618
0.7583187217057327, 0.2937788371996618
0.7583187217057327, 0.2937788371996618
0.7583187217057327, 0.2937788371996618
0.7583187217057327, 0.2937788371996618
0.7583187217057327, 0.2937788371996618
0.7583187217057327, 0.2937788371996618
0.7583187217057327, 0.2937788371996618
0.7583187217057327, 0.2937788371996618
0.7583187217057327, 0.2937788371996618
0.7583187217057327, 0.2937788371996618
0.7583187217057327, 0.2937788371996618
0.7583187217057327, 0.2937788371996618
0.7583187217057327, 0.2937788371996618
0.7583187217057327, 0.2937788371996618
0.7583187217057327, 0.2937788371996618
0.7583187217057327, 0.2937788371996618
0.7583187217057327, 0.2937788371996618
0.7583187217057327, 0.2937788371996618
0.7583187217057327, 0.2937788371996618
0.7583187217057327, 0.2937788371996618
0.7583187217057327, 0.2937788371996618
0.7563430412346258, 0.29013520632555306
0.7543588779794966, 0.28649618785243897
0.7523662427083392, 0.2828618015291636
0.7503651462351258, 0.2792320670794326
0.7482551220789779, 0.2754257510578197
0.7462371358271839, 0.2718053794252049
0.7462371358271839, 0.2718053794252049
0.7462371358271839, 0.2718053794252049
0.7462371358271839, 0.2718053794252049
0.7462371358271839, 0.2718053794252049
0.7462371358271839, 0.2718053794252049
0.7462371358271839, 0.2718053794252049
0.741990510948257, 0.2642075385619018
0.7398671985087935, 0.26040861813025024
0.7376910663467353, 0.2565205141444693
0.7355633303921121, 0.25272406950915544
0.7334840968946228, 0.24901922693238468
0.7334840968946228, 0.24901922693238468
0.7334840968946228, 0.24901922693238468
0.7334840968946228, 0.24901922693238468
0.7334840968946228, 0.24901922693238468
0.7334840968946228, 0.24901922693238468
0.7334840968946228, 0.24901922693238468
0.7334840968946228, 0.24901922693238468
0.731449264670392, 0.24540829670737294
0.7294060260015623, 0.24180211659361395
0.7273009521925234, 0.23811189730623541
0.7273009521925234, 0.23811189730623541
0.7231641724210565, 0.23092827725968498
0.7231641724210565, 0.23092827725968498
0.7231641724210565, 0.23092827725968498
0.7231641724210565, 0.23092827725968498
0.7231641724210565, 0.23092827725968498
0.7231641724210565, 0.23092827725968498
0.7231641724210565, 0.23092827725968498
0.7231641724210565, 0.23092827725968498
0.7231641724210565, 0.23092827725968498
0.7231641724210565, 0.23092827725968498
0.7231641724210565, 0.23092827725968498
0.7231641724210565, 0.23092827725968498
0.7231641724210565, 0.23092827725968498
0.7231641724210565, 0.23092827725968498
0.7231641724210565, 0.23092827725968498
0.7231641724210565, 0.23092827725968498
0.7231641724210565, 0.23092827725968498
0.7209835811667108, 0.22716194297512254
0.7187488258516412, 0.22330723514277523
0.7165638490771049, 0.21954344335040182
0.7165638490771049, 0.21954344335040182
0.7122415879134296, 0.21210799028541408
0.7100522285831545, 0.20834674609172787
0.7100522285831545, 0.20834674609172787
0.7100522285831545, 0.20834674609172787
0.7100522285831545, 0.20834674609172787
0.7100522285831545, 0.20834674609172787
0.7100522285831545, 0.20834674609172787
0.7100522285831545, 0.20834674609172787
0.7100522285831545, 0.20834674609172787
0.7100522285831545, 0.20834674609172787
0.7100522285831545, 0.20834674609172787
0.7100522285831545, 0.20834674609172787
0.7100522285831545, 0.20834674609172787
0.7100522285831545, 0.20834674609172787
0.7100522285831545, 0.20834674609172787
0.7100522285831545, 0.20834674609172787
0.7100522285831545, 0.20834674609172787
0.7100522285831545, 0.20834674609172787
0.7100522285831545, 0.20834674609172787
0.7100522285831545, 0.20834674609172787
0.7100522285831545, 0.20834674609172787
0.7100522285831545, 0.20834674609172787
0.7100522285831545, 0.20834674609172787
0.7100522285831545, 0.20834674609172787
0.7100522285831545, 0.20834674609172787
0.7100522285831545, 0.20834674609172787
0.7100522285831545, 0.20834674609172787
0.7100522285831545, 0.20834674609172787
0.7100522285831545, 0.20834674609172787
0.7100522285831545, 0.20834674609172787
0.7100522285831545, 0.20834674609172787
0.7100522285831545, 0.20834674609172787
0.7100522285831545, 0.20834674609172787
0.7100522285831545, 0.20834674609172787
0.7100522285831545, 0.20834674609172787
0.7100522285831545, 0.20834674609172787
0.7100522285831545, 0.20834674609172787
0.7100522285831545, 0.20834674609172787
0.7100522285831545, 0.20834674609172787
0.7100522285831545, 0.20834674609172787
0.7100522285831545, 0.20834674609172787
0.7100522285831545, 0.20834674609172787
0.7100522285831545, 0.20834674609172787
0.7100522285831545, 0.20834674609172787
0.7121331583740697, 0.21193130889295675
0.714205731977462, 0.2155207096687399
0.7162162911523374, 0.2190262440044529
0.7182679251771708, 0.22262765443632787
0.7182679251771708, 0.22262765443632787
0.7223375822636501, 0.22984950182207814
0.7243555685154442, 0.23346987345469278
0.726312817331418, 0.23700544925601694
0.728357437130454, 0.240729504036472
0.728357437130454, 0.240729504036472
0.7322635917870958, 0.24792339275894054
0.7342265279928986, 0.2515739051507315
0.7361300176817728, 0.25513871176244113
0.7381180144389894, 0.25889329869361427
0.7381180144389894, 0.25889329869361427
0.741914793345257, 0.2661455086388506
0.741914793345257, 0.2661455086388506
0.741914793345257, 0.2661455086388506
0.741914793345257, 0.2661455086388506
0.741914793345257, 0.2661455086388506
0.741914793345257, 0.2661455086388506
0.741914793345257, 0.2661455086388506
0.741914793345257, 0.2661455086388506
0.741914793345257, 0.2661455086388506
0.741914793345257, 0.2661455086388506
0.741914793345257, 0.2661455086388506
0.741914793345257, 0.2661455086388506
0.741914793345257, 0.2661455086388506
0.741914793345257, 0.2661455086388506
0.741914793345257, 0.2661455086388506
0.741914793345257, 0.2661455086388506
0.741914793345257, 0.2661455086388506
0.741914793345257, 0.2661455086388506
0.741914793345257, 0.2661455086388506
0.741914793345257, 0.2661455086388506
0.7399530839398565, 0.26237711817812387
0.7379412799638567, 0.25851798654992664
0.7359249827194118, 0.25466120174675727
0.7339041940302532, 0.25080676725705986
0.7319293284421892, 0.24704525474680317
0.7299040515059408, 0.2431931766721659
0.7279248058744965, 0.23943396702303163
0.7258444207879502, 0.23549380183833854
0.7238564231316665, 0.23173921320916122
0.7238564231316665, 0.23173921320916122
0.719823089498811, 0.22414315346382527
0.7177289487093053, 0.22021028197536804
0.7157278432595959, 0.2164626630733343
0.7136756947570618, 0.2126248331285416
0.7136756947570618, 0.2126248331285416
0.7136756947570618, 0.2126248331285416
0.7136756947570618, 0.2126248331285416
0.7136756947570618, 0.2126248331285416
0.7136756947570618, 0.2126248331285416
0.7136756947570618, 0.2126248331285416
0.7136756947570618, 0.2126248331285416
0.7136756947570618, 0.2126248331285416
0.7136756947570618, 0.2126248331285416
0.7136756947570618, 0.2126248331285416
0.7136756947570618, 0.2126248331285416
0.7136756947570618, 0.2126248331285416
0.7136756947570618, 0.2126248331285416
0.7136756947570618, 0.2126248331285416
0.7136756947570618, 0.2126248331285416
0.7136756947570618, 0.2126248331285416
0.7136756947570618, 0.2126248331285416
0.7136756947570618, 0.2126248331285416
0.7136756947570618, 0.2126248331285416
0.7136756947570618, 0.2126248331285416
0.7136756947570618, 0.2126248331285416
0.7136756947570618, 0.2126248331285416
0.7136756947570618, 0.2126248331285416
0.7136756947570618, 0.2126248331285416
0.7136756947570618, 0.2126248331285416
0.7136756947570618, 0.2126248331285416
0.7136756947570618, 0.2126248331285416
0.7136756947570618, 0.2126248331285416
0.7136756947570618, 0.2126248331285416
0.7136756947570618, 0.2126248331285416
0.7136756947570618, 0.2126248331285416
0.7136756947570618, 0.2126248331285416
0.7136756947570618, 0.2126248331285416
0.7136756947570618, 0.2126248331285416
0.7136756947570618, 0.2126248331285416
0.7136756947570618, 0.2126248331285416
0.7175146456569673, 0.21985480789620016
0.7194895103519029, 0.22361631870532167
0.721405513705315, 0.22729168132966004
0.7251599918369677, 0.23456588046852087
0.727090909734119, 0.23835013867917493
0.7289150467471289, 0.24195619515853106
0.7307751790872483, 0.24566014803996902
0.7326266777097282, 0.2493684242057403
0.7326266777097282, 0.2493684242057403
0.7380640741254114, 0.26043555857616113
0.7416630455875491, 0.2679031383892961
0.743402689045163, 0.2715507074174189
0.7452181342183112, 0.2753916985595247
0.7469783811463108, 0.27914414976149127
0.7469783811463108, 0.27914414976149127
0.7469783811463108, 0.27914414976149127
0.7469783811463108, 0.27914414976149127
0.7469783811463108, 0.27914414976149127
0.7469783811463108, 0.27914414976149127
0.7469783811463108, 0.27914414976149127
0.7469783811463108, 0.27914414976149127
0.7469783811463108, 0.27914414976149127
0.7469783811463108, 0.27914414976149127
0.7469783811463108, 0.27914414976149127
0.7469783811463108, 0.27914414976149127
0.7451853364364315, 0.2752926507288011
0.7434469733849096, 0.27153001160555607
0.7416718920679035, 0.2676701985564885
0.7399466876919221, 0.26390150791758393
0.7382302674795138, 0.26012880849606795
0.7347856948487519, 0.2524749949210832
0.7331000922508687, 0.2486884261375167
0.7314233153577436, 0.24489794087552816
0.7314233153577436, 0.24489794087552816
0.7314233153577436, 0.24489794087552816
0.7314233153577436, 0.24489794087552816
0.7314233153577436, 0.24489794087552816
0.7314233153577436, 0.24489794087552816
0.7314233153577436, 0.24489794087552816
0.7314233153577436, 0.24489794087552816
0.7314233153577436, 0.24489794087552816
0.7314233153577436, 0.24489794087552816
0.7314233153577436, 0.24489794087552816
0.7314233153577436, 0.24489794087552816
0.7314233153577436, 0.24489794087552816
0.7314233153577436, 0.24489794087552816
0.7314233153577436, 0.24489794087552816
0.7314233153577436, 0.24489794087552816
0.7314233153577436, 0.24489794087552816
0.7314233153577436, 0.24489794087552816
0.7314233153577436, 0.24489794087552816
0.7314233153577436, 0.24489794087552816
0.7314233153577436, 0.24489794087552816
0.7314233153577436, 0.24489794087552816
0.7314233153577436, 0.24489794087552816
0.7280144404240647, 0.2372281615738957
0.7280144404240647, 0.2372281615738957
0.7246079897020896, 0.2296708183019794
0.7228915694896813, 0.2258981188804635
0.7211209860604253, 0.22203624259418944
0.7193826230089033, 0.21827360347094443
0.7176354992896622, 0.21451502422070434
0.7158796243842894, 0.21076052524116598
0.7158796243842894, 0.21076052524116598
0.7140686544019069, 0.20691742208702743
0.7140686544019069, 0.20691742208702743
0.7140686544019069, 0.20691742208702743
0.7140686544019069, 0.20691742208702743
0.7140686544019069, 0.20691742208702743
0.7140686544019069, 0.20691742208702743
0.7140686544019069, 0.20691742208702743
0.7140686544019069, 0.20691742208702743
0.7140686544019069, 0.20691742208702743
0.7140686544019069, 0.20691742208702743
0.7140686544019069, 0.20691742208702743
0.7140686544019069, 0.20691742208702743
0.7140686544019069, 0.20691742208702743
0.7140686544019069, 0.20691742208702743
0.7140686544019069, 0.20691742208702743
0.7140686544019069, 0.20691742208702743
0.7140686544019069, 0.20691742208702743
0.7140686544019069, 0.20691742208702743
0.7140686544019069, 0.20691742208702743
0.7140686544019069, 0.20691742208702743
0.7140686544019069, 0.20691742208702743
0.7140686544019069, 0.20691742208702743
0.7140686544019069, 0.20691742208702743
0.7140686544019069, 0.20691742208702743
0.7140686544019069, 0.20691742208702743
0.7140686544019069, 0.20691742208702743
0.7140686544019069, 0.20691742208702743
0.7140686544019069, 0.20691742208702743
0.7140686544019069, 0.20691742208702743
0.7140686544019069, 0.20691742208702743
0.7140686544019069, 0.20691742208702743
0.7140686544019069, 0.20691742208702743
0.7140686544019069, 0.20691742208702743
0.7140686544019069, 0.20691742208702743
0.7140686544019069, 0.20691742208702743
0.7140686544019069, 0.20691742208702743
0.7140686544019069, 0.20691742208702743
0.7140686544019069, 0.20691742208702743
0.7140686544019069, 0.20691742208702743
0.7140686544019069, 0.20691742208702743
0.7175891418893676, 0.2144223109146673
0.7193318864569774, 0.21818292265250167
0.7210203776778301, 0.22185445047775967
0.7227819597365637, 0.2257204410081141
0.7244895864704377, 0.22949712873791497
0.7261437923156357, 0.23318423087865528
0.7278293949135191, 0.23697079966222181
0.7295061718066441, 0.24076128492421037
0.7311696919669696, 0.24455760375156105
0.7311696919669696, 0.24455760375156105
0.7344157978104654, 0.2520724474628891
0.7360438719548833, 0.2558841050879846
0.7376630621040763, 0.2596995451060463
0.7392689087099698, 0.2635206172907932
0.7408613943428006, 0.26734728016853637
0.7424449611209756, 0.2711776424920942
0.7439780566646446, 0.2749167248967118
0.7455392888135586, 0.27875624484689676
0.7471280844165815, 0.28269639492808096
0.7471280844165815, 0.28269639492808096
0.7501540140267913, 0.2903025653933626
0.7516303176268477, 0.29406443286245276
0.7531685001411529, 0.2980246157727646
0.7546579093660609, 0.3018925634755433
0.7560990949988723, 0.3056680241290684
0.7575659522966334, 0.30954458045378186
0.7575659522966334, 0.30954458045378186
0.7575659522966334, 0.30954458045378186
0.7575659522966334, 0.30954458045378186
0.7575659522966334, 0.30954458045378186
0.7575659522966334, 0.30954458045378186
0.7575659522966334, 0.30954458045378186
0.7575659522966334, 0.30954458045378186
0.7575659522966334, 0.30954458045378186
0.7575659522966334, 0.30954458045378186
0.7575659522966334, 0.30954458045378186
0.7575659522966334, 0.30954458045378186
0.7575659522966334, 0.30954458045378186
0.7575659522966334, 0.30954458045378186
0.7575659522966334, 0.30954458045378186
0.7575659522966334, 0.30954458045378186
0.7575659522966334, 0.30954458045378186
0.7575659522966334, 0.30954458045378186
0.7575659522966334, 0.30954458045378186
0.7575659522966334, 0.30954458045378186
0.7575659522966334, 0.30954458045378186
0.7575659522966334, 0.30954458045378186
0.7575659522966334, 0.30954458045378186
0.7575659522966334, 0.30954458045378186
0.7575659522966334, 0.30954458045378186
0.7575659522966334, 0.30954458045378186
0.7575659522966334, 0.30954458045378186
0.7575659522966334, 0.30954458045378186
0.7575659522966334, 0.30954458045378186
0.7575659522966334, 0.30954458045378186
0.7575659522966334, 0.30954458045378186
0.7575659522966334, 0.30954458045378186
0.7575659522966334, 0.30954458045378186
0.7575659522966334, 0.30954458045378186
0.7575659522966334, 0.30954458045378186
0.7545909957849265, 0.3016962873884781
0.753110601311455, 0.29782488047708433
0.7515816485506164, 0.2938611249869507
0.7500434653406716, 0.2899009402856548
0.7485360509107066, 0.2860399739549279
0.7469840387318303, 0.28208518841682917
0.7454228184643761, 0.27813403093997113
0.7438884577038879, 0.2742836937693658
0.7423088446091305, 0.2703398513629546
0.7423088446091305, 0.2703398513629546
0.7423088446091305, 0.2703398513629546
0.7423088446091305, 0.2703398513629546
0.7423088446091305, 0.2703398513629546
0.7423088446091305, 0.2703398513629546
0.7423088446091305, 0.2703398513629546
0.7423088446091305, 0.2703398513629546
0.7423088446091305, 0.2703398513629546
0.7423088446091305, 0.2703398513629546
0.7423088446091305, 0.2703398513629546
0.7423088446091305, 0.2703398513629546
0.7423088446091305, 0.2703398513629546
0.7423088446091305, 0.2703398513629546
0.7423088446091305, 0.2703398513629546
0.7423088446091305, 0.2703398513629546
0.7423088446091305, 0.2703398513629546
0.7423088446091305, 0.2703398513629546
0.7407292315143731, 0.2663960089565433
0.7391948707538849, 0.262545671785938
0.7376290485571944, 0.2585963337016398
0.7376290485571944, 0.2585963337016398
0.7345204208549642, 0.25068857844542475
0.7329776258934481, 0.2467301880954897
0.7314792100000824, 0.24286572059256242
0.7299502565477785, 0.23890196330982905
0.7283911085484475, 0.23483879938105423
0.7269152244665249, 0.23096567074293747
0.7269152244665249, 0.23096567074293747
0.7269152244665249, 0.23096567074293747
0.7269152244665249, 0.23096567074293747
0.7269152244665249, 0.23096567074293747
0.7269152244665249, 0.23096567074293747
0.7269152244665249, 0.23096567074293747
0.7269152244665249, 0.23096567074293747
0.7269152244665249, 0.23096567074293747
0.7269152244665249, 0.23096567074293747
0.7269152244665249, 0.23096567074293747
0.7269152244665249, 0.23096567074293747
0.7269152244665249, 0.23096567074293747
0.7269152244665249, 0.23096567074293747
0.7269152244665249, 0.23096567074293747
0.7269152244665249, 0.23096567074293747
0.7269152244665249, 0.23096567074293747
0.7269152244665249, 0.23096567074293747
0.7269152244665249, 0.23096567074293747
0.7269152244665249, 0.23096567074293747
0.7269152244665249, 0.23096567074293747
0.7269152244665249, 0.23096567074293747
0.7269152244665249, 0.23096567074293747
0.7269152244665249, 0.23096567074293747
0.7269152244665249, 0.23096567074293747
0.7269152244665249, 0.23096567074293747
0.7269152244665249, 0.23096567074293747
0.7269152244665249, 0.23096567074293747
0.7269152244665249, 0.23096567074293747
0.7269152244665249, 0.23096567074293747
0.7269152244665249, 0.23096567074293747
0.7269152244665249, 0.23096567074293747
0.7269152244665249, 0.23096567074293747
0.7269152244665249, 0.23096567074293747
0.7269152244665249, 0.23096567074293747
0.7269152244665249, 0.23096567074293747
0.7269152244665249, 0.23096567074293747
0.7283820817642859, 0.23484222706765084
0.7298012549261551, 0.2386260170606565
0.7312455105431961, 0.24251105052039867
0.732714269895602, 0.2464975025889881
0.7340981232918786, 0.2502943524612048
0.7355061146464291, 0.2541926751282224
0.7355061146464291, 0.2541926751282224
0.7382554834237962, 0.26190312585946385
0.7396637126029788, 0.26591136047202585
0.7410262020752493, 0.26982581850713405
0.7423435094577437, 0.2736462661817614
0.743683178282275, 0.27756859287790114
0.7449782132933158, 0.2813966476704451
0.7463255894131577, 0.28542574579808105
0.7476286510096568, 0.2893603855206478
0.7488879591759023, 0.29320034152520913
0.7488879591759023, 0.29320034152520913
0.7501680835957202, 0.29714250346258014
0.7501680835957202, 0.29714250346258014
0.7501680835957202, 0.29714250346258014
0.7501680835957202, 0.29714250346258014
0.7501680835957202, 0.29714250346258014
0.7501680835957202, 0.29714250346258014
0.7501680835957202, 0.29714250346258014
0.7501680835957202, 0.29714250346258014
0.7501680835957202, 0.29714250346258014
0.7501680835957202, 0.29714250346258014
0.7501680835957202, 0.29714250346258014
0.7501680835957202, 0.29714250346258014
0.7501680835957202, 0.29714250346258014
0.7501680835957202, 0.29714250346258014
0.7501680835957202, 0.29714250346258014
0.7501680835957202, 0.29714250346258014
0.7501680835957202, 0.29714250346258014
0.7501680835957202, 0.29714250346258014
0.7501680835957202, 0.29714250346258014
0.7501680835957202, 0.29714250346258014
0.7501680835957202, 0.29714250346258014
0.7501680835957202, 0.29714250346258014
0.7501680835957202, 0.29714250346258014
0.7501680835957202, 0.29714250346258014
0.7501680835957202, 0.29714250346258014
0.7501680835957202, 0.29714250346258014
0.7501680835957202, 0.29714250346258014
0.7501680835957202, 0.29714250346258014
0.7501680835957202, 0.29714250346258014
0.7501680835957202, 0.29714250346258014
0.7501680835957202, 0.29714250346258014
0.7501680835957202, 0.29714250346258014
0.7488287749562372, 0.293001669666132
0.747519000725372, 0.2889601895016506
0.7461748697806232, 0.2848209185314231
0.7448259186592786, 0.2806832169389762
0.7435020299883461, 0.2766463382879991
0.7421434430957986, 0.27251178948347426
0.7408148531953554, 0.26847645562712796
0.7408148531953554, 0.26847645562712796
0.7380784238427073, 0.2602137122097376
0.7367053975916249, 0.2560839360565497
0.7353627148434801, 0.2520532694251386
0.7339848791898692, 0.2479250953647048
0.7326375024606792, 0.24389599541491763
0.731219478998869, 0.23967200284239285
0.7298627197980865, 0.23564605265308
0.7298627197980865, 0.23564605265308
0.7298627197980865, 0.23564605265308
0.7298627197980865, 0.23564605265308
0.7298627197980865, 0.23564605265308
0.7298627197980865, 0.23564605265308
0.7298627197980865, 0.23564605265308
0.7298627197980865, 0.23564605265308
0.7298627197980865, 0.23564605265308
0.7298627197980865, 0.23564605265308
0.7298627197980865, 0.23564605265308
0.7298627197980865, 0.23564605265308
0.7298627197980865, 0.23564605265308
0.7298627197980865, 0.23564605265308
0.7298627197980865, 0.23564605265308
0.7298627197980865, 0.23564605265308
0.7298627197980865, 0.23564605265308
0.7298627197980865, 0.23564605265308
0.7298627197980865, 0.23564605265308
0.7298627197980865, 0.23564605265308
0.7298627197980865, 0.23564605265308
0.7298627197980865, 0.23564605265308
0.7298627197980865, 0.23564605265308
0.7298627197980865, 0.23564605265308
0.7298627197980865, 0.23564605265308
0.7298627197980865, 0.23564605265308
0.7298627197980865, 0.23564605265308
0.7298627197980865, 0.23564605265308
0.7298627197980865, 0.23564605265308
0.7298627197980865, 0.23564605265308
0.7311488335190165, 0.23947711395138555
0.7324868198593391, 0.2435093399722765
0.7337461280255846, 0.24734929597683783
0.7337461280255846, 0.24734929597683783
0.736297189793365, 0.2552365913122359
0.7375251471655181, 0.25908668739762303
0.7388019252278349, 0.263138710584875
0.7400360458141257, 0.2670955155648006
0.7412280738682848, 0.2709568868617155
0.7424391293581102, 0.2749208121727217
0.7436086488290277, 0.27878906027511696
0.7448239258670177, 0.2828599515597589
0.7459979920879699, 0.2868349896450469
0.7459979920879699, 0.2868349896450469
0.7482847454322682, 0.2946950684166118
0.7494525236390102, 0.29877983869048264
0.7505497528433048, 0.30266920975117906
0.7516634955029033, 0.3066615695244036
0.7527679346020344, 0.3106565130217493
0.7527679346020344, 0.3106565130217493
0.7549395587684705, 0.3186565903303977
0.7549395587684705, 0.3186565903303977
0.7549395587684705, 0.3186565903303977
0.7549395587684705, 0.3186565903303977
0.7549395587684705, 0.3186565903303977
0.7549395587684705, 0.3186565903303977
0.7549395587684705, 0.3186565903303977
0.7549395587684705, 0.3186565903303977
0.7549395587684705, 0.3186565903303977
0.7549395587684705, 0.3186565903303977
0.7549395587684705, 0.3186565903303977
0.7549395587684705, 0.3186565903303977
0.7549395587684705, 0.3186565903303977
0.7549395587684705, 0.3186565903303977
0.7549395587684705, 0.3186565903303977
0.7549395587684705, 0.3186565903303977
0.7549395587684705, 0.3186565903303977
0.7538433233600484, 0.31455203939453913
0.7527276987443648, 0.3103454225457168
0.7516458128582734, 0.30623706601478945
0.7505687130906289, 0.30212745209785347
0.7494964009027792, 0.2980165863705975
0.7484288777495758, 0.2939044744104108
0.7484288777495758, 0.2939044744104108
0.7462871937946418, 0.285574947005917
0.7452388411985652, 0.28145790592159015
0.7441952848138937, 0.27733964651648363
0.7431565260564655, 0.27322017437801716
0.74209980656747, 0.2689983752926162
0.7410754491216957, 0.2648752984950021
0.740055894901405, 0.2607510313300839
0.739041145289871, 0.2566255793934317
0.739041145289871, 0.2566255793934317
0.739041145289871, 0.2566255793934317
0.739041145289871, 0.2566255793934317
0.739041145289871, 0.2566255793934317
0.739041145289871, 0.2566255793934317
0.739041145289871, 0.2566255793934317
0.739041145289871, 0.2566255793934317
0.739041145289871, 0.2566255793934317
0.739041145289871, 0.2566255793934317
0.739041145289871, 0.2566255793934317
0.739041145289871, 0.2566255793934317
0.739041145289871, 0.2566255793934317
0.739041145289871, 0.2566255793934317
0.739041145289871, 0.2566255793934317
0.739041145289871, 0.2566255793934317
0.739041145289871, 0.2566255793934317
0.739041145289871, 0.2566255793934317
0.739041145289871, 0.2566255793934317
0.739041145289871, 0.2566255793934317
0.739041145289871, 0.2566255793934317
0.739041145289871, 0.2566255793934317
0.739041145289871, 0.2566255793934317
0.739041145289871, 0.2566255793934317
0.739041145289871, 0.2566255793934317
0.739041145289871, 0.2566255793934317
0.739041145289871, 0.2566255793934317
0.739041145289871, 0.2566255793934317
0.739041145289871, 0.2566255793934317
0.739041145289871, 0.2566255793934317
0.739041145289871, 0.2566255793934317
0.739041145289871, 0.2566255793934317
0.739041145289871, 0.2566255793934317
0.739041145289871, 0.2566255793934317
0.739041145289871, 0.2566255793934317
0.739041145289871, 0.2566255793934317
0.739041145289871, 0.2566255793934317
0.7399972500901785, 0.2605520259784966
0.7409661396126428, 0.26458199029148133
0.7419256383647537, 0.2686142007789644
0.7428710405724885, 0.272649736756789
0.7438023359745084, 0.27668855442348883
0.7438023359745084, 0.27668855442348883
0.7456091079773155, 0.2846726419782902
0.7465074420774258, 0.2887189186761017
0.7473916308955392, 0.2927683070369073
0.7482616648347233, 0.2968207631088887
0.7491222558753506, 0.30087523500193025
0.7499498169757303, 0.30483077059141456
0.7508052808545465, 0.30899216887594366
0.7516280541097692, 0.3130544839106451
0.7524187207680542, 0.31701755915721996
0.7524187207680542, 0.31701755915721996
0.753982906169182, 0.3250526946995592
0.7547752611957615, 0.32922656911576953
0.7555364296385493, 0.3333008766486362
0.7562669978275082, 0.3372754696209821
0.7570044248677553, 0.34135414105062467
0.7577323482983888, 0.3454345193112529
0.7584460084395626, 0.3495174135256068
0.7591453975452525, 0.3536027793781976
0.7598352675493216, 0.35768976343103637
0.7598352675493216, 0.35768976343103637
0.761164841103058, 0.36576703483405787
0.7618165973363752, 0.36986026702574176
0.762454046745392, 0.37395575448410573
0.7630819536417273, 0.37805271582151256
0.7636825280923046, 0.3820490178000737
0.764299216678978, 0.38625243894451167
0.764299216678978, 0.38625243894451167
0.764299216678978, 0.38625243894451167
0.764299216678978, 0.38625243894451167
0.764299216678978, 0.38625243894451167
0.764299216678978, 0.38625243894451167
0.764299216678978, 0.38625243894451167
0.764299216678978, 0.38625243894451167
0.764299216678978, 0.38625243894451167
0.764299216678978, 0.38625243894451167
0.764299216678978, 0.38625243894451167
0.764299216678978, 0.38625243894451167
0.764299216678978, 0.38625243894451167
0.764299216678978, 0.38625243894451167
0.764299216678978, 0.38625243894451167
0.7630407725275242, 0.37763981491339726
0.7624191879629708, 0.3734371130342667
0.7617927085427646, 0.3692351380234182
0.7611305364131754, 0.3648289569261659
0.7604942698382176, 0.36062845275388744
0.7598531109774397, 0.3564286925499018
0.7591938085872034, 0.3521268821728827
0.7585477583104937, 0.3479278716351849
0.7578784364310258, 0.34362760980390283
0.7578784364310258, 0.34362760980390283
0.7565408828499971, 0.3351317958778264
0.7565408828499971, 0.3351317958778264
0.7565408828499971, 0.3351317958778264
0.7565408828499971, 0.3351317958778264
0.7565408828499971, 0.3351317958778264
0.7565408828499971, 0.3351317958778264
0.7565408828499971, 0.3351317958778264
0.7565408828499971, 0.3351317958778264
0.7565408828499971, 0.3351317958778264
0.7565408828499971, 0.3351317958778264
0.7565408828499971, 0.3351317958778264
0.7565408828499971, 0.3351317958778264
0.7565408828499971, 0.3351317958778264
0.7565408828499971, 0.3351317958778264
0.7565408828499971, 0.3351317958778264
0.7565408828499971, 0.3351317958778264
0.7565408828499971, 0.3351317958778264
0.7565408828499971, 0.3351317958778264
0.7565408828499971, 0.3351317958778264
0.7565408828499971, 0.3351317958778264
0.7577951329647226, 0.34322110584855786
0.7584265061050732, 0.3474223463901223
0.759030541924645, 0.35152289513380824
0.7596078319953484, 0.3555226270434251
0.7601879762501788, 0.3596266241090012
0.7607585583239775, 0.3637319615333467
0.7613147909591209, 0.3678392649331829
0.7618566681182932, 0.37194848972808514
0.7623733291363319, 0.37595650426984756
0.7623733291363319, 0.37595650426984756
0.7634075973579575, 0.3842857438566855
0.7638868884218508, 0.3882983987447378
0.7643664826762074, 0.39241535740640304
0.7648364848272439, 0.39653342215197146
0.7652830429310784, 0.4005498515406746
0.7657377439458909, 0.40477386635096696
0.7661693526975372, 0.4088961318878016
0.7665784654794622, 0.4129165480237514
0.7669860591134529, 0.41704125731050123
0.7669860591134529, 0.41704125731050123
0.7677628008018965, 0.4252943695000957
0.7681319418307587, 0.42942269775393926
0.768480131645279, 0.4334488476552224
0.7688252233070335, 0.43757925574833617
0.7691606918988553, 0.44171045655374025
0.7694817222707389, 0.4458428015856845
0.7697883109382399, 0.44997624599194336
0.7700852695669382, 0.4541103934062859
0.7703630653379453, 0.4581420120246761
0.7703630653379453, 0.4581420120246761
0.7708895466749436, 0.46641485953121165
0.7711335126848378, 0.47055247235223413
0.7711335126848378, 0.47055247235223413
0.7711335126848378, 0.47055247235223413
0.7711335126848378, 0.47055247235223413
0.7711335126848378, 0.47055247235223413
0.7711335126848378, 0.47055247235223413
0.7711335126848378, 0.47055247235223413
0.7711335126848378, 0.47055247235223413
0.7711335126848378, 0.47055247235223413
0.7711335126848378, 0.47055247235223413
0.7711335126848378, 0.47055247235223413
0.7711335126848378, 0.47055247235223413
0.7711335126848378, 0.47055247235223413
0.7711335126848378, 0.47055247235223413
0.7711335126848378, 0.47055247235223413
0.7711335126848378, 0.47055247235223413
0.7711335126848378, 0.47055247235223413
0.7711335126848378, 0.47055247235223413
0.7711335126848378, 0.47055247235223413
0.7711335126848378, 0.47055247235223413
0.7711335126848378, 0.47055247235223413
0.7711335126848378, 0.47055247235223413
0.7711335126848378, 0.47055247235223413
0.7711335126848378, 0.47055247235223413
0.7711335126848378, 0.47055247235223413
0.7711335126848378, 0.47055247235223413
0.7711335126848378, 0.47055247235223413
0.7711335126848378, 0.47055247235223413
0.7711335126848378, 0.47055247235223413
0.7711335126848378, 0.47055247235223413
0.7711335126848378, 0.47055247235223413
0.7711335126848378, 0.47055247235223413
0.7711335126848378, 0.47055247235223413
0.7711335126848378, 0.47055247235223413
0.7711335126848378, 0.47055247235223413
0.7711335126848378, 0.47055247235223413
0.7711335126848378, 0.47055247235223413
0.7713678391151817, 0.47469064228527397
0.7713678391151817, 0.47469064228527397
0.7717979253541914, 0.4829690608716716
0.771993681272748, 0.48710923464713357
0.772172787737696, 0.4911464416084812
0.7723444282421017, 0.4952876852390733
0.7725000192470778, 0.4993258668364893
0.7726487537326168, 0.503571680325475
0.772781797805413, 0.5077143435443917
0.7728997534292926, 0.5117537996520051
0.7730086686531318, 0.5158971674542507
0.7730086686531318, 0.5158971674542507
0.7730086686531318, 0.5158971674542507
0.7730086686531318, 0.5158971674542507
0.7730086686531318, 0.5158971674542507
0.7730086686531318, 0.5158971674542507
0.7730086686531318, 0.5158971674542507
0.7730086686531318, 0.5158971674542507
0.7730086686531318, 0.5158971674542507
0.7730086686531318, 0.5158971674542507
0.7730086686531318, 0.5158971674542507
0.7730086686531318, 0.5158971674542507
0.7730086686531318, 0.5158971674542507
0.7730086686531318, 0.5158971674542507
0.7730086686531318, 0.5158971674542507
0.7730086686531318, 0.5158971674542507
0.7730086686531318, 0.5158971674542507
0.7730086686531318, 0.5158971674542507
0.7730086686531318, 0.5158971674542507
0.7730086686531318, 0.5158971674542507
0.7730086686531318, 0.5158971674542507
0.7730086686531318, 0.5158971674542507
0.7731079312571653, 0.5200407777407176
0.773192713880294, 0.5241847067784208
0.7732630156022923, 0.5283289095894034
0.7733236628640392, 0.532473264928936
0.7733710271121406, 0.5365141652992176
0.7734059754577497, 0.5407624393891959
0.7734250979002467, 0.5448035720901515
0.7734326411523024, 0.5489483642888052
0.7734305287413724, 0.5530931628132686
0.7734305287413724, 0.5530931628132686
0.7733876815186664, 0.5613826352078246
0.7733469470944413, 0.5655272341000402
0.7732954639542641, 0.5695680840924077
0.7732305923550019, 0.5737123754608181
0.7731560664559771, 0.5778565044599019
0.7730670599424035, 0.5820003449253695
0.7729635737803526, 0.5861438518802251
0.7728509110726983, 0.5901834590750948
0.772723295159202, 0.5943262930627529
0.772723295159202, 0.5943262930627529
0.7724294624159719, 0.6026106669548222
0.7722632482439408, 0.6067521319274725
0.7720873866314656, 0.6108931984524065
0.7720873866314656, 0.6108931984524065
0.7716970801818769, 0.619173587896147
0.7714826388750664, 0.6233128359192308
0.7712618074823858, 0.6273479756529385
0.7710232631095778, 0.631485904585735
0.7707789350789629, 0.6355196897793213
0.7707789350789629, 0.6355196897793213
0.7702324567936549, 0.6438950885359715
0.7699505517112311, 0.6479264219008823
0.7696493792727858, 0.6520602644756536
0.7693385775171213, 0.6561933942267439
0.7690133351851762, 0.6603254098835651
0.7686736558071114, 0.6644562665974671
0.7683243541721296, 0.668586320790631
0.7683243541721296, 0.668586320790631
0.7676012364468306, 0.6767402879176325
0.7676012364468306, 0.6767402879176325
0.7668015985104946, 0.6853034891949474
0.7663967433506478, 0.6895325745281234
0.7659869624568652, 0.693761185419992
0.7659869624568652, 0.693761185419992
0.7651374665720995, 0.702319584434224
0.7647000349693321, 0.7066495850987159
0.764270556766296, 0.7108762408605274
0.7638361556759751, 0.7151023935019337
0.7633835962114612, 0.719430838202631
0.7629344300222207, 0.7236554470827739
0.7629344300222207, 0.7236554470827739
0.7620213367906107, 0.7321030809577349
0.7615574109870736, 0.736326094491285
0.7610746123640648, 0.7406512706825557
0.7605959326110788, 0.7448726373036655
0.7601030593244659, 0.7491966780163489
0.7596194628783253, 0.7534174842110248
0.7591309503951458, 0.7576377242527188
0.7586229704240994, 0.7619600153054976
0.7586229704240994, 0.7619600153054976
0.7576115438964038, 0.7703964407164211
0.7570984613031844, 0.774613764122122
0.75656531721401, 0.778933023430857
0.7560375008548855, 0.783148528186729
0.7560375008548855, 0.783148528186729
0.7549590551509772, 0.791681104509996
0.7544214198506998, 0.7958953682344957
0.7538631297268357, 0.8002114492964675
0.7533107715022216, 0.804423808593517
0.7533107715022216, 0.804423808593517
0.7521913373545395, 0.8128465827519515
0.7516242629502561, 0.8170569861857979
0.7510358226557626, 0.821369060120198
0.7504540389961711, 0.8255774562789704
0.7498555548236605, 0.829888148666146
0.7492688696487597, 0.8340958643125851
0.7486772837545301, 0.8383028937379021
0.7480637402102667, 0.8426114675060078
0.7474574570004228, 0.8468164040245769
0.7474574570004228, 0.8468164040245769
0.7462301990031737, 0.8552241442169939
0.7455915730196059, 0.8595290716785233
0.7449608108237156, 0.8637304059318255
0.7443251553713984, 0.8679310026277336
0.743671490119408, 0.8722336731821614
0.7430309422730859, 0.8764335266215459
0.7423672555114377, 0.8807346617598936
0.7417120357239971, 0.8849322512450486
0.7410519270586003, 0.8891290746873212
0.7410519270586003, 0.8891290746873212
0.7397170466829631, 0.8975204006682217
0.7390233167772141, 0.9018167924582922
0.7383387772886217, 0.9060097002970474
0.7376493543951124, 0.910201807944716
0.7369406153717298, 0.9144957503242005
0.7362463100086724, 0.9186870520931701
0.7355275699705414, 0.922979330783272
0.7348186228772942, 0.9271681808014413
0.7341047971222077, 0.9313562022014713
0.7341047971222077, 0.9313562022014713
0.7326399891544868, 0.9398309986334066
0.7319066585029939, 0.9440156487515552
0.731168454098216, 0.9481994418526185
0.7304097487367273, 0.9524848377895242
0.7296666715802184, 0.9566677681971701
0.7296666715802184, 0.9566677681971701
0.728142671557347, 0.9651321205572346
0.7273801135416509, 0.9693115434514195
0.7266126878811306, 0.9734900752882384
0.7266126878811306, 0.9734900752882384
0.7250394178839226, 0.9819454084254322
0.7243424721521003, 0.9857154642635917
0.7236515101075315, 0.9895919171654454
0.7230029249486523, 0.9933705930800515
0.7223571606838007, 0.9972548355056197
0.7217482228204958, 1.0010401028745883
0.7211477454081214, 1.0049315990553076
0.7205873557897378, 1.0087243576623837
0.7200490644467852, 1.0125203156186904
0.7200490644467852, 1.0125203156186904
0.7190207097592877, 1.0202234413335705
0.71853379061004, 1.0241307710341998
0.7180840674445285, 1.0279382378364643
0.7176426921072605, 1.0318509783745007
0.7172329071236699, 1.035662950389504
0.7168453297589688, 1.0394772443166045
0.7164723817338005, 1.0433970944945894
0.7161337063434706, 1.0472160411236913
0.7158064403622735, 1.0511399738045477
0.7155078173944669, 1.0549622609077154
0.7155078173944669, 1.0549622609077154
0.7149747261106979, 1.0627154021864311
0.7147389520601318, 1.0666458934157077
0.7145294455437533, 1.0704740994440636
0.714342237795498, 1.0743034607008448
0.7141751695658719, 1.0782374667829417
0.7140310153940785, 1.0821723835903334
0.7139107390225959, 1.0860044310809587
0.7138127822783795, 1.0898371140644842
0.7138127822783795, 1.0898371140644842
0.7136866233454615, 1.0976075368282856
0.7136570982000662, 1.1015449825704045
0.71364844561834, 1.1053789073882345
0.7136621217042527, 1.109212817577665
0.7136981259939326, 1.1130465830982816
0.713759610307911, 1.1170872896343773
0.7138402665841949, 1.1209203757201625
0.7139432451287882, 1.1247529270629755
0.714068542448815, 1.1285848136684924
0.714068542448815, 1.1285848136684924
0.7143946576373608, 1.136453133865294
0.7145868827569893, 1.1402822465404874
0.7148014051119278, 1.144110174770637
0.7150382174259035, 1.1479367887182275
0.7153113167606939, 1.1519687245293542
0.7155926841400322, 1.1557923205819973
0.7158963151144556, 1.1596142131246148
0.7162221993852625, 1.1634342725244127
0.7165774510988698, 1.167355770570609
0.7165774510988698, 1.167355770570609
0.7173461881043061, 1.1750891029326007
0.7177609674834456, 1.1789005347426407
0.7181979373513714, 1.1827094862664158
0.7186672156703087, 1.1866189783773833
0.719159254094076, 1.1905256667239068
0.7196627034921008, 1.1943264025841809
0.7201882795826419, 1.1981241419313446
0.7207484973256703, 1.2020216420002015
0.7213397604245548, 1.2060193322236223
0.7213397604245548, 1.2060193322236223
0.7226064384065576, 1.214316408198875
0.7232349271543749, 1.2183084153467154
0.7238914511587298, 1.22240088837685
0.7245622713244609, 1.2264910395070596
0.7252473803705263, 1.2305788243430889
0.725942010396623, 1.2346650020677499
0.7266308729972064, 1.238647035153004
0.7273492888678071, 1.242729098100527
0.7280978458542625, 1.2469110493877218
0.7280978458542625, 1.2469110493877218
0.7295777134113113, 1.254962140690549
0.7303267919186576, 1.2589332866919407
0.7311069349333734, 1.263004003600209
0.7319187280910067, 1.2671741410079767
0.7327047780510085, 1.271138134529026
0.7335228189923668, 1.2752014051684164
0.7343503234451619, 1.2792627590869117
0.735168667546661, 1.2832202118163936
0.7360435107433109, 1.2873775791939195
0.7360435107433109, 1.2873775791939195
0.7377664867058105, 1.2953801683365351
0.7386553922259441, 1.2994285267997827
0.7395584381784264, 1.3034737516353647
0.7404756147616509, 1.3075157989366537
0.7414022051457556, 1.311555698629809
0.7423170966809949, 1.315491952261536
0.7432671994555814, 1.3195263870408322
0.7442530922851484, 1.3236588281425359
0.745204622939749, 1.3275863857280963
0.745204622939749, 1.3275863857280963
